k = 10;
b = 20;
M =100;
F =15;

